[think tankkkk.jpg]
filters=Neon=1,0.000000,00ff0000;
moddate=60bde8fdb4b0ce01
width=600
height=180
textactive=0
[mmm.jpg]
filters=Neon=1,0.000000,ff00ff34;Neon=1,0.000000,ff00f829;
moddate=05d66c90b5b0ce01
width=600
height=180
textactive=0
